19
7
4
26
19
8
12
32
19
17
0
21
4
11
11
4
17
27
26
5
14
17
26
18
14
26
8
19
26
22
8
43
26
1
32
2
14
13
41
13
8
4
13
57
19
54
18
15
4
0
10
26
14
5
26
7
35
47
29
22
0
18
26
4
23
15
14
20
13
3
8
13
6
26
0
26
17
4
65
98
56
32
12
0
19
19
45
33
54
20
18
28
84
8
91
6
106
24
92
24
4
91
18
7
66
32
0
98
26
29
19
59
13
10
44
3
47
136
3
122
91
119
20
0
43
127
15
153
32
5
0
2
32
89
91
5
11
119
31
148
147
103
69
112
115
3
121
30
32
29
5
8
106
62
20
17
13
4
148
1
17
8
6
7
19
11
127
170
177
52
82
57
39
99
136
161
81
83
198
100
2
147
130
161
72
138
11
191
193
91
100
33
31
26
216
216
130
206
52
60
41
51
210
20
192
73
222
1
20
1
1
44
91
30
113
48
11
90
168
171
148
29
156
18
18
187
55
13
81
184
26
6
246
253
130
28
